   3   4   3   2   2
  -3.1751170E+00   3.0697969E-04  -2.7542961E+00  -1.9053520E-07   0.0000000E+00
   0.0000000E+00   0.0000000E+00   0.0000000E+00   6.6966993E-01   2.7589520E-04
   1.8507800E-01  -1.8432230E-07  -6.5150648E-01  -3.7390459E-03  -3.0425210E+00
   7.3462923E-07   1.0280580E-01   1.6255390E-04  -1.7252000E-01  -2.7178160E-07
   6.7069978E-01   1.4511720E-04  -4.4938040E-01  -1.5645010E-07   0.0000000E+00
   0.0000000E+00   0.0000000E+00   0.0000000E+00   0.0000000E+00   0.0000000E+00
   0.0000000E+00   0.0000000E+00   0.0000000E+00   0.0000000E+00   0.0000000E+00
   0.0000000E+00   0.0000000E+00   0.0000000E+00   0.0000000E+00   0.0000000E+00
   0.0000000E+00   0.0000000E+00   0.0000000E+00   0.0000000E+00   0.0000000E+00
   0.0000000E+00   0.0000000E+00   0.0000000E+00  -5.0746799E+00   8.5124298E-04
  -4.5507822E+00  -3.6717431E-08   0.0000000E+00   0.0000000E+00   0.0000000E+00
   0.0000000E+00   1.0941880E+00   6.2554493E-04   3.6365739E-01  -4.6897401E-07
  -1.7182699E+00  -6.5364232E-03  -4.8539310E+00   1.2227709E-06   4.7393698E-02
   3.9787241E-04   6.8870403E-02  -4.4342039E-07   1.1869330E+00   2.3491451E-04
  -6.4799857E-01  -1.5859020E-07   0.0000000E+00   0.0000000E+00   0.0000000E+00
   0.0000000E+00   0.0000000E+00   0.0000000E+00   0.0000000E+00   0.0000000E+00
   0.0000000E+00   0.0000000E+00   0.0000000E+00   0.0000000E+00   0.0000000E+00
   0.0000000E+00   0.0000000E+00   0.0000000E+00   0.0000000E+00   0.0000000E+00
   0.0000000E+00   0.0000000E+00   0.0000000E+00   0.0000000E+00   0.0000000E+00
   0.0000000E+00  -1.8977070E+00   9.9285622E-04  -4.4082761E+00   2.5063001E-08
   0.0000000E+00   0.0000000E+00   0.0000000E+00   0.0000000E+00   1.2822150E+00
   5.9355341E-04   2.2709160E+00  -5.7363121E-07  -2.1399069E+00  -4.1456758E-03
  -2.9518490E+00   8.3717401E-07  -7.5106090E-01   4.6273871E-04  -8.2906239E-02
   1.3168520E-07   1.3503470E+00  -3.8826891E-04   7.6386583E-01  -1.8815970E-07
   0.0000000E+00   0.0000000E+00   0.0000000E+00   0.0000000E+00   0.0000000E+00
   0.0000000E+00   0.0000000E+00   0.0000000E+00   0.0000000E+00   0.0000000E+00
   0.0000000E+00   0.0000000E+00   0.0000000E+00   0.0000000E+00   0.0000000E+00
   0.0000000E+00   0.0000000E+00   0.0000000E+00   0.0000000E+00   0.0000000E+00
   0.0000000E+00   0.0000000E+00   0.0000000E+00   0.0000000E+00   1.3413170E-01
   5.8600301E-05  -7.6037192E-01  -2.8124060E-08   0.0000000E+00   0.0000000E+00
   0.0000000E+00   0.0000000E+00   1.0839310E+00   9.2795270E-04   1.5083170E+00
  -4.4213581E-07  -1.5203520E+00  -7.2054478E-04  -1.0620000E+00   3.4665720E-07
  -5.0927728E-01  -2.1372830E-04   2.3230040E-01   4.6998809E-07   1.1073260E+00
  -4.9181993E-04   1.6450360E-01  -3.8888220E-07   0.0000000E+00   0.0000000E+00
   0.0000000E+00   0.0000000E+00   0.0000000E+00   0.0000000E+00   0.0000000E+00
   0.0000000E+00   0.0000000E+00   0.0000000E+00   0.0000000E+00   0.0000000E+00
   0.0000000E+00   0.0000000E+00   0.0000000E+00   0.0000000E+00   0.0000000E+00
   0.0000000E+00   0.0000000E+00   0.0000000E+00   0.0000000E+00   0.0000000E+00
   0.0000000E+00   0.0000000E+00   3.9387590E-01  -4.2278389E-04   2.5689299E+00
   7.4668371E-08   0.0000000E+00   0.0000000E+00   0.0000000E+00   0.0000000E+00
   7.4735038E-02   7.5886969E-04  -6.1631322E-01  -1.2122069E-07  -3.3465961E-01
   1.3823250E-03  -1.9757050E-01  -2.6048190E-07   3.9241800E-01  -7.2660157E-04
   7.8088218E-01   2.6728111E-07   4.3124229E-01   5.5717421E-05  -1.4219810E+00
  -3.7327251E-07   0.0000000E+00   0.0000000E+00   0.0000000E+00   0.0000000E+00
   0.0000000E+00   0.0000000E+00   0.0000000E+00   0.0000000E+00   0.0000000E+00
   0.0000000E+00   0.0000000E+00   0.0000000E+00   0.0000000E+00   0.0000000E+00
   0.0000000E+00   0.0000000E+00   0.0000000E+00   0.0000000E+00   0.0000000E+00
   0.0000000E+00   0.0000000E+00   0.0000000E+00   0.0000000E+00   0.0000000E+00
   0.0000000E+00   0.0000000E+00   0.0000000E+00   0.0000000E+00   0.0000000E+00
   0.0000000E+00   0.0000000E+00   0.0000000E+00   0.0000000E+00   0.0000000E+00
   0.0000000E+00   0.0000000E+00   0.0000000E+00   0.0000000E+00   0.0000000E+00
   0.0000000E+00   0.0000000E+00   0.0000000E+00   0.0000000E+00   0.0000000E+00
   0.0000000E+00   0.0000000E+00   0.0000000E+00   0.0000000E+00   0.0000000E+00
   0.0000000E+00   0.0000000E+00   0.0000000E+00   0.0000000E+00   0.0000000E+00
   0.0000000E+00   0.0000000E+00   0.0000000E+00   0.0000000E+00   0.0000000E+00
   0.0000000E+00   0.0000000E+00   0.0000000E+00   0.0000000E+00   0.0000000E+00
   0.0000000E+00   0.0000000E+00   0.0000000E+00   0.0000000E+00   0.0000000E+00
   0.0000000E+00   0.0000000E+00   0.0000000E+00  -1.4196980E+00  -1.3747039E-03
   1.6723500E+00  -3.7507030E-07   0.0000000E+00   0.0000000E+00   0.0000000E+00
   0.0000000E+00  -1.0031000E+00   3.1111341E-03  -2.0214391E+00  -7.3197748E-07
  -4.4858900E-01  -3.1194750E-03   6.4806142E+00   5.2620618E-07  -1.0073349E+00
   6.4204051E-04   2.3228121E+00   3.9980861E-08   4.6972471E-01   1.1526200E-03
  -1.6850550E+00  -3.7150761E-07  -8.5208626E+00  -5.7847048E-03  -8.5320890E-01
  -2.0075980E-07   0.0000000E+00   0.0000000E+00   0.0000000E+00   0.0000000E+00
   7.2741222E-01   9.6820006E-03  -2.4254861E+00  -1.8271260E-06  -7.6202071E-01
   1.6621780E-03   3.0748391E+00  -2.3742351E-07  -1.4833781E+00   6.4237852E-04
  -4.5753351E-01  -8.9010157E-08   5.7563758E-01  -8.3332932E-05   1.0085670E+00
  -2.1458220E-07  -4.5018801E-01   8.8756278E-06   1.5816710E+00  -4.9827952E-07
   0.0000000E+00   0.0000000E+00   0.0000000E+00   0.0000000E+00   5.5538821E-01
   1.1506260E-03  -8.7637389E-01  -4.7986072E-07  -3.0444899E-01  -1.8076660E-03
   2.3604939E+00   3.1872591E-07  -9.2885888E-01   5.0528301E-04   7.2407061E-01
   1.8179740E-07   3.5512501E-01   6.8254420E-04   9.9551272E-01  -2.3305350E-07
  -3.3440080E+00  -1.2603450E-03  -1.3603500E+00  -2.0035520E-07   0.0000000E+00
   0.0000000E+00   0.0000000E+00   0.0000000E+00   4.9134621E-01   3.6607271E-03
  -3.9516380E-01  -6.3272921E-07  -1.8115219E-01   9.6562109E-04   1.6629820E+00
  -1.5341649E-07  -3.6075240E-01   4.7273500E-04   3.6695320E-02  -1.0403430E-07
   4.1523531E-01  -3.9759849E-04  -1.1709530E-01   6.8514929E-08   3.9356402E-03
   7.0012739E-04   8.4538841E-01  -1.8846519E-07   0.0000000E+00   0.0000000E+00
   0.0000000E+00   0.0000000E+00   6.0819918E-01  -7.5307711E-05  -2.0099200E-01
  -1.8634800E-07  -3.0515909E-01  -2.5728560E-04  -1.0623330E+00   4.0071850E-08
  -4.5287129E-01   1.7370041E-04   2.3778570E-01   1.8766239E-07   1.0642970E-01
  -4.1113552E-05   5.1707077E-01   1.9139980E-08   7.7830088E-01   7.4464269E-04
  -6.6812551E-01  -1.0535420E-07   0.0000000E+00   0.0000000E+00   0.0000000E+00
   0.0000000E+00   4.6055891E-02  -2.0463180E-04   1.0805780E-01   9.1779413E-08
   8.3562389E-02   3.0431410E-04   6.2895149E-01  -8.3073388E-08   6.5519132E-02
   2.8169749E-04   4.8024049E-01  -8.1991757E-08  -8.2926393E-02  -1.0041360E-04
  -1.8444100E-01   8.5460833E-08   7.5384893E-02   3.3728880E-04  -4.6998821E-02
  -3.9699060E-08   0.0000000E+00   0.0000000E+00   0.0000000E+00   0.0000000E+00
  -5.4577839E-02   2.2766069E-05   5.9479028E-01   2.0728560E-08  -2.3874129E-01
   2.8730719E-04  -1.2405180E+00  -6.9488770E-08   4.4449851E-02  -2.0520879E-04
   2.8525960E-01   1.5030071E-07   4.5605060E-02  -1.6378050E-04  -2.8526649E-01
  -2.3001920E-08   9.9042952E-01   1.3066721E-04   8.1101470E-02  -1.5180699E-08
   0.0000000E+00   0.0000000E+00   0.0000000E+00   0.0000000E+00  -1.7827681E-01
  -2.5397720E-04   2.6047850E-02   1.3535799E-07  -1.1909940E-01   8.0713871E-05
   7.8351080E-02  -5.9531908E-09  -1.9943461E-02  -1.2888260E-05   3.3433011E-01
   5.1307470E-08  -2.1532971E-01   1.0647900E-04  -1.5343390E-01   5.4549979E-08
   0.0000000E+00   0.0000000E+00   0.0000000E+00   0.0000000E+00   0.0000000E+00
   0.0000000E+00   0.0000000E+00   0.0000000E+00   0.0000000E+00   0.0000000E+00
   0.0000000E+00   0.0000000E+00   0.0000000E+00   0.0000000E+00   0.0000000E+00
   0.0000000E+00   0.0000000E+00   0.0000000E+00   0.0000000E+00   0.0000000E+00
   0.0000000E+00   0.0000000E+00   0.0000000E+00   0.0000000E+00   0.0000000E+00
   0.0000000E+00   0.0000000E+00   0.0000000E+00   0.0000000E+00   0.0000000E+00
   0.0000000E+00   0.0000000E+00   0.0000000E+00   0.0000000E+00   0.0000000E+00
   0.0000000E+00   0.0000000E+00   0.0000000E+00   0.0000000E+00   0.0000000E+00
   0.0000000E+00   0.0000000E+00   0.0000000E+00   0.0000000E+00   0.0000000E+00
   0.0000000E+00   0.0000000E+00   0.0000000E+00   0.0000000E+00   0.0000000E+00
   0.0000000E+00   0.0000000E+00   0.0000000E+00   0.0000000E+00   0.0000000E+00
   0.0000000E+00   0.0000000E+00   0.0000000E+00   0.0000000E+00   0.0000000E+00
   0.0000000E+00   0.0000000E+00   0.0000000E+00   0.0000000E+00   0.0000000E+00
   0.0000000E+00   0.0000000E+00   0.0000000E+00   0.0000000E+00   0.0000000E+00
   0.0000000E+00   0.0000000E+00   0.0000000E+00   0.0000000E+00   0.0000000E+00
   0.0000000E+00   0.0000000E+00   0.0000000E+00   0.0000000E+00   0.0000000E+00
   0.0000000E+00   0.0000000E+00   0.0000000E+00   0.0000000E+00   0.0000000E+00
   0.0000000E+00   0.0000000E+00   0.0000000E+00   0.0000000E+00   0.0000000E+00
   0.0000000E+00   0.0000000E+00   0.0000000E+00   0.0000000E+00   0.0000000E+00
   0.0000000E+00   1.3774849E-01   1.5951489E-04  -6.4267123E-01   1.9419939E-08
   0.0000000E+00   0.0000000E+00   0.0000000E+00   0.0000000E+00   1.4750700E-01
   7.7254859E-05   6.1692590E-01  -1.0474110E-07   3.9084011E-01  -4.4105900E-04
   5.6801432E-01  -3.7937280E-08   1.2369730E-01  -9.2844202E-05  -3.9659970E-02
  -1.8768620E-08  -5.1583732E-03   1.0427940E-04  -6.6983378E-01   3.1689591E-08
   9.6887368E-01   1.1059180E-04  -1.3237550E+00  -1.6051300E-07   0.0000000E+00
   0.0000000E+00   0.0000000E+00   0.0000000E+00  -9.4511992E-01   4.0921179E-04
   7.8289461E-01   2.4242939E-07  -1.6389120E-01   4.4103281E-04  -5.3049868E-01
  -4.9174730E-08   3.6743939E-01  -3.3114240E-05  -1.0430230E-01  -2.3061661E-07
   2.1596649E-01  -1.9053240E-04   9.7302534E-02  -9.5635457E-08  -9.2498874E-03
   7.8551449E-05  -6.2116820E-02  -1.1697870E-08   0.0000000E+00   0.0000000E+00
   0.0000000E+00   0.0000000E+00   8.5235029E-02  -3.8139990E-07   1.2997390E-01
  -3.9022861E-08   3.5953190E-02  -2.0156951E-04   3.2784510E-01   3.7231629E-08
  -3.7584340E-03  -4.3499858E-05  -3.3533081E-02   6.2357870E-09   2.1124231E-02
   1.9378211E-05  -1.4292911E-01  -8.9815293E-09   1.0702470E-02   1.1652410E-04
  -3.5205519E-01  -3.9006849E-08   0.0000000E+00   0.0000000E+00   0.0000000E+00
   0.0000000E+00  -4.6643831E-02   1.7419290E-04   1.4922050E-01  -3.1378281E-08
  -3.7401619E-03   1.0931020E-04  -7.4518107E-02  -2.7834810E-08   8.0563568E-02
   1.2926210E-05   1.0507230E-02  -5.5706629E-08  -1.3214140E-02  -3.4299192E-05
   6.0848650E-03   2.2308511E-08  -4.7939491E-02   9.2616137E-06  -8.5500203E-04
  -4.3958370E-09   0.0000000E+00   0.0000000E+00   0.0000000E+00   0.0000000E+00
   2.8588019E-02   3.0632629E-05   3.2043312E-02  -1.7771031E-08  -1.4278550E-02
  -5.5452168E-05  -3.2432351E-02   2.0853619E-08  -5.0996020E-02  -9.2090677E-06
   9.3629919E-03   2.1419110E-08   3.1182770E-02  -3.0441461E-05   4.2570621E-02
  -6.8623760E-09  -1.0094360E-01   8.5620537E-05  -5.7511371E-02   4.2699280E-09
   0.0000000E+00   0.0000000E+00   0.0000000E+00   0.0000000E+00   9.5235407E-02
   2.1802220E-05   1.7600439E-02  -3.6902350E-08   1.2908420E-02  -1.9551040E-05
   8.7868817E-02   8.9034220E-09  -2.8918009E-02   1.7294509E-05   5.0968438E-02
   1.1473020E-08  -2.7258210E-02  -3.3915840E-06  -2.9693659E-02   2.9996180E-08
   0.0000000E+00   0.0000000E+00   0.0000000E+00   0.0000000E+00   0.0000000E+00
   0.0000000E+00   0.0000000E+00   0.0000000E+00   0.0000000E+00   0.0000000E+00
   0.0000000E+00   0.0000000E+00   0.0000000E+00   0.0000000E+00   0.0000000E+00
   0.0000000E+00   0.0000000E+00   0.0000000E+00   0.0000000E+00   0.0000000E+00
   0.0000000E+00   0.0000000E+00   0.0000000E+00   0.0000000E+00   0.0000000E+00
   0.0000000E+00   0.0000000E+00   0.0000000E+00   0.0000000E+00   0.0000000E+00
   0.0000000E+00   0.0000000E+00   0.0000000E+00   0.0000000E+00   0.0000000E+00
   0.0000000E+00   0.0000000E+00   0.0000000E+00   0.0000000E+00   0.0000000E+00
   0.0000000E+00   0.0000000E+00   0.0000000E+00   0.0000000E+00   0.0000000E+00
   0.0000000E+00   0.0000000E+00   0.0000000E+00   0.0000000E+00   0.0000000E+00
   0.0000000E+00   0.0000000E+00   0.0000000E+00   0.0000000E+00   0.0000000E+00
   0.0000000E+00   0.0000000E+00   0.0000000E+00   0.0000000E+00   0.0000000E+00
   0.0000000E+00   0.0000000E+00   0.0000000E+00   0.0000000E+00   0.0000000E+00
   0.0000000E+00   0.0000000E+00   0.0000000E+00   0.0000000E+00   0.0000000E+00
   0.0000000E+00   0.0000000E+00   0.0000000E+00   0.0000000E+00   0.0000000E+00
   0.0000000E+00   0.0000000E+00   0.0000000E+00   0.0000000E+00   0.0000000E+00
   0.0000000E+00   0.0000000E+00   0.0000000E+00   0.0000000E+00   0.0000000E+00
   0.0000000E+00   0.0000000E+00   0.0000000E+00   0.0000000E+00   0.0000000E+00
   0.0000000E+00   0.0000000E+00   0.0000000E+00   0.0000000E+00   0.0000000E+00
   0.0000000E+00   0.0000000E+00   0.0000000E+00   0.0000000E+00   0.0000000E+00
   0.0000000E+00   0.0000000E+00   0.0000000E+00   0.0000000E+00   0.0000000E+00
   0.0000000E+00   0.0000000E+00   0.0000000E+00   0.0000000E+00   0.0000000E+00
   0.0000000E+00   0.0000000E+00   0.0000000E+00   0.0000000E+00   0.0000000E+00
   0.0000000E+00   0.0000000E+00   0.0000000E+00   0.0000000E+00   0.0000000E+00
   0.0000000E+00   0.0000000E+00   0.0000000E+00   0.0000000E+00   0.0000000E+00
   0.0000000E+00   0.0000000E+00   0.0000000E+00   0.0000000E+00   0.0000000E+00
   0.0000000E+00   0.0000000E+00   0.0000000E+00   0.0000000E+00   0.0000000E+00
   0.0000000E+00   0.0000000E+00   0.0000000E+00   0.0000000E+00   0.0000000E+00
   0.0000000E+00   0.0000000E+00   0.0000000E+00   0.0000000E+00  -3.2697350E-02
  -2.1376340E-05   7.8943223E-02  -3.9671768E-09   0.0000000E+00   0.0000000E+00
   0.0000000E+00   0.0000000E+00  -5.7406049E-02   1.0382900E-04  -1.1701180E-01
  -2.5493479E-08  -1.4683740E-02  -1.1827260E-05   1.9094330E-01   4.6042552E-09
  -3.1539928E-02  -2.0991451E-05   6.3278303E-02   1.9831820E-08  -4.4627290E-02
   5.1182109E-05  -1.0225410E-01  -6.0297412E-10  -6.0205180E-02  -6.2181812E-06
   4.7100641E-02   7.5546094E-09   0.0000000E+00   0.0000000E+00   0.0000000E+00
   0.0000000E+00   2.7382519E-02   1.5472269E-05   1.3473270E-02   3.6297221E-09
  -2.8073540E-02   3.5044399E-05  -3.3961560E-03   4.1664880E-09   1.3587130E-02
   3.4386048E-05   6.2362172E-02  -1.2428960E-08   2.4602750E-02  -4.5811279E-07
  -8.6736381E-03  -2.2384070E-08   6.0670902E-03   1.4189870E-06   4.8108231E-03
  -3.6056240E-09   0.0000000E+00   0.0000000E+00   0.0000000E+00   0.0000000E+00
  -1.2910490E-02   1.3559780E-05   4.7608260E-03   1.2765020E-10  -1.0835440E-02
   5.2458659E-06  -6.4792321E-03   1.7198299E-09  -2.1618960E-02   9.2100078E-07
   6.0656872E-03   6.9713142E-09   1.1402450E-02   8.0110240E-06   3.7315299E-03
  -7.9764328E-09   1.1855370E-02   1.0963100E-06   4.1280542E-02  -3.3159950E-10
   0.0000000E+00   0.0000000E+00   0.0000000E+00   0.0000000E+00   9.2327716E-03
  -3.5549681E-06  -5.2822690E-02  -3.1805809E-09   4.8197769E-03   6.4563410E-06
   3.0486609E-03  -3.1643610E-09  -9.9685583E-03   2.3959090E-05   3.2158289E-02
  -9.3918269E-09   2.1685490E-02  -1.4241010E-05   3.0395720E-02  -2.0226230E-09
   5.7164600E+01  -3.0060470E-01  -1.8216470E+00  -1.0028519E-06   0.0000000E+00
   0.0000000E+00   0.0000000E+00   0.0000000E+00   8.1750113E-01   4.7510400E-01
   4.9035981E-01  -3.0285869E-07  -2.2106160E-01   1.0148900E-02   1.7385850E+00
   5.4703388E-08  -9.2785567E-01  -8.4124925E-03  -4.0109089E-01   1.1290240E-07
   2.7427429E-01   1.5026350E-02   6.5679923E-02  -8.0209091E-08   0.0000000E+00
   0.0000000E+00   0.0000000E+00   0.0000000E+00   0.0000000E+00   0.0000000E+00
   0.0000000E+00   0.0000000E+00   0.0000000E+00   0.0000000E+00   0.0000000E+00
   0.0000000E+00   0.0000000E+00   0.0000000E+00   0.0000000E+00   0.0000000E+00
   0.0000000E+00   0.0000000E+00   0.0000000E+00   0.0000000E+00   0.0000000E+00
   0.0000000E+00   0.0000000E+00   0.0000000E+00  -4.2710190E+00  -7.6280981E-03
   1.2557310E+00   5.6851551E-08   0.0000000E+00   0.0000000E+00   0.0000000E+00
   0.0000000E+00   1.2034370E+00  -2.0716099E-01  -4.2577890E-01  -1.8065091E-08
   2.1591809E-01  -2.4468951E-02  -2.6697889E-01  -5.6476349E-08  -4.0683040E-01
   5.4189831E-02   1.2030880E+00   1.7922180E-07  -1.1968630E-01  -2.5864109E-02
   6.1310762E-01   9.8593979E-08   7.6818281E-01   4.1457411E-02   2.5304350E-01
   1.3592970E-07   0.0000000E+00   0.0000000E+00   0.0000000E+00   0.0000000E+00
  -3.4130210E-01  -9.4441243E-02   1.1527280E+00   1.8345280E-07  -2.8690371E-01
   2.5608741E-02  -4.1957051E-01   4.3269601E-08   1.7518120E-01  -6.6712797E-02
   1.1444680E-01   3.9045741E-08   3.5144600E-01   7.4554142E-04  -2.6170710E-01
  -1.3627310E-07  -5.2920109E-01   1.1158740E-01   1.7701910E+00   3.7932301E-07
   0.0000000E+00   0.0000000E+00   0.0000000E+00   0.0000000E+00   1.1472240E-01
  -1.1717360E-01  -1.4303150E+00  -2.0050599E-09  -5.4275300E-02   8.4618524E-02
  -4.9502999E-01  -2.8146951E-07   5.7753962E-02  -7.3748671E-02   1.6712800E-01
   2.5133511E-07   3.3756691E-01   3.5854679E-02   5.2577847E-01  -1.0799620E-07
  -7.1397948E-01  -2.1769591E-02  -1.1204690E+00   5.9882247E-08   0.0000000E+00
   0.0000000E+00   0.0000000E+00   0.0000000E+00   4.2215389E-01  -2.1873660E-01
  -1.1168120E-01   4.8707030E-08  -3.7453330E-01   7.7364556E-02   3.1773761E-01
   4.0593619E-08  -2.6612759E-01   1.3351560E-01   3.6812201E-01  -1.5032811E-07
  -4.6440029E-01   6.1876848E-02   8.6438052E-02   7.5732437E-08
  -7.1569227E-02   4.1416640E-04   0.0000000E+00   0.0000000E+00   2.6606390E-01
   1.9250830E-03   1.1419250E-02  -1.0901380E-04  -5.1594120E-02   1.2951180E-03
   2.9219061E-01   5.3454947E-04   0.0000000E+00   0.0000000E+00   0.0000000E+00
   0.0000000E+00   0.0000000E+00   0.0000000E+00   0.0000000E+00   0.0000000E+00
   0.0000000E+00   0.0000000E+00   0.0000000E+00   0.0000000E+00  -8.0620840E-02
   5.2647642E-04   0.0000000E+00   0.0000000E+00   3.4374559E-01   3.0520000E-03
   7.4290097E-02  -4.2183581E-04   6.8294063E-02   3.4601081E-03   2.4973901E-01
  -2.6815751E-04   0.0000000E+00   0.0000000E+00   0.0000000E+00   0.0000000E+00
   0.0000000E+00   0.0000000E+00   0.0000000E+00   0.0000000E+00   0.0000000E+00
   0.0000000E+00   0.0000000E+00   0.0000000E+00  -1.0624480E-02  -5.4069143E-04
   0.0000000E+00   0.0000000E+00   6.3174949E-03   6.7688969E-05  -5.1497549E-02
  -1.4264510E-03   1.2079330E-01   1.4425620E-03  -7.9558389E-03  -1.3103730E-03
   0.0000000E+00   0.0000000E+00   0.0000000E+00   0.0000000E+00   0.0000000E+00
   0.0000000E+00   0.0000000E+00   0.0000000E+00   0.0000000E+00   0.0000000E+00
   0.0000000E+00   0.0000000E+00   4.2488539E-01   2.2498181E-03   0.0000000E+00
   0.0000000E+00  -2.2092471E-01   5.2911311E-04  -1.3803710E-01  -1.5310280E-03
   7.3990367E-02  -3.8894819E-04  -8.4965527E-02  -5.9126009E-04   0.0000000E+00
   0.0000000E+00   0.0000000E+00   0.0000000E+00   0.0000000E+00   0.0000000E+00
   0.0000000E+00   0.0000000E+00   0.0000000E+00   0.0000000E+00   0.0000000E+00
   0.0000000E+00   4.5607859E-01   3.0957549E-03   0.0000000E+00   0.0000000E+00
  -1.9043680E-01   1.6780880E-03   2.4697389E-02   2.0288541E-04   1.5569440E-01
   8.9039531E-04  -8.4655978E-02   6.7326962E-04   0.0000000E+00   0.0000000E+00
   0.0000000E+00   0.0000000E+00   0.0000000E+00   0.0000000E+00   0.0000000E+00
   0.0000000E+00   0.0000000E+00   0.0000000E+00   0.0000000E+00   0.0000000E+00
   0.0000000E+00   0.0000000E+00   0.0000000E+00   0.0000000E+00   0.0000000E+00
   0.0000000E+00   0.0000000E+00   0.0000000E+00   0.0000000E+00   0.0000000E+00
   0.0000000E+00   0.0000000E+00   0.0000000E+00   0.0000000E+00   0.0000000E+00
   0.0000000E+00   0.0000000E+00   0.0000000E+00   0.0000000E+00   0.0000000E+00
   0.0000000E+00   0.0000000E+00   0.0000000E+00   0.0000000E+00   9.0494013E-01
   6.3024750E-03   0.0000000E+00   0.0000000E+00  -2.9697660E-01   3.1369871E-03
   5.1923329E-01   2.0365149E-03  -7.3396318E-02   1.2518330E-03  -3.9831851E-02
   7.0287992E-04   2.2077601E+00   2.0592680E-02   0.0000000E+00   0.0000000E+00
   9.1259372E-01   2.2420330E-02   2.0780620E-01   7.2186289E-04   4.7279501E-01
   9.0884147E-03  -4.0415689E-02   2.0340590E-04   4.8248601E-01   4.1064140E-03
   0.0000000E+00   0.0000000E+00   5.8056749E-02   3.1492929E-03   2.6011470E-01
   8.7913079E-04  -2.2601029E-01  -3.4682281E-04  -5.8008451E-03   1.0964560E-04
   5.5902082E-01   7.2596800E-03   0.0000000E+00   0.0000000E+00   7.4149811E-01
   1.0855130E-02  -9.6129380E-02  -1.1587120E-03   3.4749550E-01   5.1447880E-03
  -5.3672660E-02  -1.1169780E-03  -9.3630753E-02  -7.3794491E-04   0.0000000E+00
   0.0000000E+00   2.8877130E-02  -6.5706111E-04  -1.0245230E-01  -8.1249938E-04
  -1.4571799E-01  -9.3149842E-04   3.6795322E-02  -3.8045549E-04  -2.4571450E-01
  -1.2394000E-03   0.0000000E+00   0.0000000E+00   2.0820710E-01   6.3087628E-04
  -1.3537639E-01  -6.7836762E-04   1.2548859E-01   1.1028940E-03   9.1433354E-02
  -1.1694720E-04  -1.4467610E-01  -1.4504220E-03   0.0000000E+00   0.0000000E+00
  -3.5380758E-02  -1.2463790E-03  -1.8522730E-01  -9.8869845E-04   4.0323552E-02
  -5.9487989E-05   6.4485028E-02   2.2836570E-05  -7.0687130E-02  -7.5981941E-04
   0.0000000E+00   0.0000000E+00  -3.0748710E-02  -7.8782928E-04  -8.7379657E-02
  -4.5242999E-04  -2.6646999E-03  -4.2170630E-04   5.9279241E-02  -2.2097610E-04
   0.0000000E+00   0.0000000E+00   0.0000000E+00   0.0000000E+00   0.0000000E+00
   0.0000000E+00   0.0000000E+00   0.0000000E+00   0.0000000E+00   0.0000000E+00
   0.0000000E+00   0.0000000E+00   0.0000000E+00   0.0000000E+00   0.0000000E+00
   0.0000000E+00   0.0000000E+00   0.0000000E+00   0.0000000E+00   0.0000000E+00
   0.0000000E+00   0.0000000E+00   0.0000000E+00   0.0000000E+00   0.0000000E+00
   0.0000000E+00   0.0000000E+00   0.0000000E+00   0.0000000E+00   0.0000000E+00
   0.0000000E+00   0.0000000E+00   0.0000000E+00   0.0000000E+00   0.0000000E+00
   0.0000000E+00   0.0000000E+00   0.0000000E+00   0.0000000E+00   0.0000000E+00
   0.0000000E+00   0.0000000E+00   0.0000000E+00   0.0000000E+00   0.0000000E+00
   0.0000000E+00   0.0000000E+00   0.0000000E+00  -7.1946733E-02  -4.9551373E-04
   0.0000000E+00   0.0000000E+00   1.4578830E-02  -2.6974379E-04   4.2209369E-03
  -7.2036477E-05   2.3860540E-02   2.4229669E-04  -5.2441880E-02  -2.2289790E-04
  -4.5260660E-02  -2.1932620E-04   0.0000000E+00   0.0000000E+00   3.5260610E-02
   9.8205260E-07  -7.5784206E-02   2.6113170E-04   6.9808118E-02   4.5040759E-04
   2.5117829E-01   1.1859650E-03  -2.9454781E-02  -2.0533820E-04   0.0000000E+00
   0.0000000E+00   1.0765820E-03  -7.9185702E-05   1.0852730E-02   1.5315360E-04
   2.5553750E-02   2.7758651E-04   6.9784452E-03   2.6000751E-04   1.9381089E-02
   4.0029021E-04   0.0000000E+00   0.0000000E+00   7.3238939E-02   6.7666551E-04
  -8.6888502E-04   3.4908380E-04  -7.0505990E-03   9.1728180E-05   9.2801116E-02
   7.1047893E-04  -6.9531780E-03  -3.6020590E-06   0.0000000E+00   0.0000000E+00
   1.0668020E-02   6.7628767E-05  -6.8484349E-03   1.7234721E-05   3.4007491E-03
   1.0669290E-04   2.3045391E-02   1.3756390E-04   1.2728000E-02   2.4513021E-04
   0.0000000E+00   0.0000000E+00   3.9639670E-02   3.7860751E-04  -1.9060270E-03
   7.6642253E-05  -1.3122050E-02  -5.9641141E-05   1.8629700E-02   1.7317010E-04
   0.0000000E+00   0.0000000E+00   0.0000000E+00   0.0000000E+00   0.0000000E+00
   0.0000000E+00   0.0000000E+00   0.0000000E+00   0.0000000E+00   0.0000000E+00
   0.0000000E+00   0.0000000E+00   0.0000000E+00   0.0000000E+00   0.0000000E+00
   0.0000000E+00   0.0000000E+00   0.0000000E+00   0.0000000E+00   0.0000000E+00
   0.0000000E+00   0.0000000E+00   0.0000000E+00   0.0000000E+00   0.0000000E+00
   0.0000000E+00   0.0000000E+00   0.0000000E+00   0.0000000E+00   0.0000000E+00
   0.0000000E+00   0.0000000E+00   0.0000000E+00   0.0000000E+00   0.0000000E+00
   0.0000000E+00   0.0000000E+00   0.0000000E+00   0.0000000E+00   0.0000000E+00
   0.0000000E+00   0.0000000E+00   0.0000000E+00   0.0000000E+00   0.0000000E+00
   0.0000000E+00   0.0000000E+00   0.0000000E+00   0.0000000E+00   0.0000000E+00
   0.0000000E+00   0.0000000E+00   0.0000000E+00   0.0000000E+00   0.0000000E+00
   0.0000000E+00   0.0000000E+00   0.0000000E+00   0.0000000E+00   0.0000000E+00
   0.0000000E+00   0.0000000E+00   0.0000000E+00   0.0000000E+00   0.0000000E+00
   0.0000000E+00   0.0000000E+00   0.0000000E+00   0.0000000E+00   0.0000000E+00
   0.0000000E+00   0.0000000E+00   2.1690520E-02   2.5429859E-04   0.0000000E+00
   0.0000000E+00   1.6305260E-02   3.1881631E-04   2.3835121E-02   2.2865800E-04
   1.5297430E-02   9.8233213E-05   1.2828970E-02   2.8661001E-04   1.1766620E-02
   3.4137790E-06   0.0000000E+00   0.0000000E+00  -1.6365441E-02  -1.5425580E-04
   5.4621608E-03  -1.2870190E-05  -1.1868940E-02  -1.4970770E-04  -1.4729850E-02
  -1.2869040E-04   5.4049650E-03   6.7432593E-05   0.0000000E+00   0.0000000E+00
   6.3442048E-03   1.0455470E-04   3.6850229E-03   3.8093502E-05   6.1826180E-03
   6.9394751E-05   5.1767901E-03   5.2041771E-05   4.2736810E-03   7.4141690E-06
   0.0000000E+00   0.0000000E+00  -4.4411318E-03  -2.9729419E-05   3.2259310E-03
   1.8397130E-05  -3.7263150E-03  -1.0821340E-05   3.9530522E-03   1.6580279E-05
   7.5871623E-01   7.6808580E-03   0.0000000E+00   0.0000000E+00   4.1466591E-01
   7.9836156E-03   2.0937480E-01   1.3342560E-03  -1.2760089E-01   8.6308690E-04
   5.6063969E-02   7.5015333E-04   0.0000000E+00   0.0000000E+00   0.0000000E+00
   0.0000000E+00   0.0000000E+00   0.0000000E+00   0.0000000E+00   0.0000000E+00
   0.0000000E+00   0.0000000E+00   0.0000000E+00   0.0000000E+00   1.0770680E-01
   1.0490480E-03   0.0000000E+00   0.0000000E+00   8.3968394E-02   1.1651260E-03
  -6.6883966E-02  -1.0091451E-03  -9.3319343E-04  -1.2895621E-04  -7.3675029E-02
  -1.2149950E-03  -3.7333251E-03  -5.5310922E-04   0.0000000E+00   0.0000000E+00
  -1.1348840E-01  -1.2565020E-03  -8.0812015E-03   3.7061161E-04   2.6871760E-03
  -5.9152802E-04   4.7148861E-02   1.1442089E-03  -2.1192031E-01  -2.6804830E-03
   0.0000000E+00   0.0000000E+00  -2.0498410E-01  -3.3555699E-03  -2.4657549E-02
  -2.7828690E-04  -8.1775002E-02  -8.3398510E-04  -7.1687102E-02  -7.1620138E-04
  -8.6835012E-02  -1.2579850E-03   0.0000000E+00   0.0000000E+00  -1.5674571E-02
  -2.2057910E-03  -6.4855129E-02  -6.3397549E-04  -3.7522250E-01  -3.0966939E-03
  -6.7401357E-02  -8.2251808E-04
